255 255 255 255 255 255 255 255 255 255 255 255 255 255 255 255
255 255 255 255 255 255 255 255 255 255 255 255 255 255 255 255
255 255   0   0   0   0   0 255 255   0   0   0   0   0 255 255
255 255   0   0   0   0   0 255 255   0   0   0   0   0 255 255
255 255   0   0   0   0   0 255 255   0   0   0   0   0 255 255
255 255   0   0   0   0   0 255 255   0   0   0   0   0 255 255
255 255   0   0   0   0   0 255 255   0   0   0   0   0 255 255
255 255 255 255 255 255 255 255 255 255 255 255 255 255 255 255
255 255 255 255 255 255 255 255 255 255 255 255 255 255 255 255
255 255   0   0   0   0   0 255 255   0   0   0   0   0 255 255
255 255   0   0   0   0   0 255 255   0   0   0   0   0 255 255
255 255   0   0   0   0   0 255 255   0   0   0   0   0 255 255
255 255   0   0   0   0   0 255 255   0   0   0   0   0 255 255
255 255   0   0   0   0   0 255 255   0   0   0   0   0 255 255
255 255 255 255 255 255 255 255 255 255 255 255 255 255 255 255
255 255 255 255 255 255 255 255 255 255 255 255 255 255 255 255
255 255 255 255 255 255 255 255 255 255 255 255 255 255 255 255
255 255 255 255 255 255 255 255 255 255 255 255 255 255 255 255
255 255   0   0   0   0   0 255 255   0   0   0   0   0 255 255
255 255   0   0   0   0   0 255 255   0   0   0   0   0 255 255
255 255   0   0   0   0   0 255 255   0   0   0   0   0 255 255
255 255   0   0   0   0   0 255 255   0   0   0   0   0 255 255
255 255   0   0   0   0   0 255 255   0   0   0   0   0 255 255
255 255 255 255 255 255 255 255 255 255 255 255 255 255 255 255
255 255 255 255 255 255 255 255 255 255 255 255 255 255 255 255
255 255   0   0   0   0   0 255 255   0   0   0   0   0 255 255
255 255   0   0   0   0   0 255 255   0   0   0   0   0 255 255
255 255   0   0   0   0   0 255 255   0   0   0   0   0 255 255
255 255   0   0   0   0   0 255 255   0   0   0   0   0 255 255
255 255   0   0   0   0   0 255 255   0   0   0   0   0 255 255
255 255 255 255 255 255 255 255 255 255 255 255 255 255 255 255
255 255 255 255 255 255 255 255 255 255 255 255 255 255 255 255
255 255 255 255 255 255 255 255 255 255 255 255 255 255 255 255
255 255 255 255 255 255 255 255 255 255 255 255 255 255 255 255
255 255   0   0   0   0   0 255 255   0   0   0   0   0 255 255
255 255   0   0   0   0   0 255 255   0   0   0   0   0 255 255
255 255   0   0   0   0   0 255 255   0   0   0   0   0 255 255
255 255   0   0   0   0   0 255 255   0   0   0   0   0 255 255
255 255   0   0   0   0   0 255 255   0   0   0   0   0 255 255
255 255 255 255 255 255 255 255 255 255 255 255 255 255 255 255
255 255 255 255 255 255 255 255 255 255 255 255 255 255 255 255
255 255   0   0   0   0   0 255 255   0   0   0   0   0 255 255
255 255   0   0   0   0   0 255 255   0   0   0   0   0 255 255
255 255   0   0   0   0   0 255 255   0   0   0   0   0 255 255
255 255   0   0   0   0   0 255 255   0   0   0   0   0 255 255
255 255   0   0   0   0   0 255 255   0   0   0   0   0 255 255
255 255 255 255 255 255 255 255 255 255 255 255 255 255 255 255
255 255 255 255 255 255 255 255 255 255 255 255 255 255 255 255

255 255 255 255 255 255 255 255 255 255 255 255 255 255 255 255
255 248 209 209 209 209 210 255 255 211 209 209 209 209 247 255
255 219   0   0   0   0   5 255 255  11   0   0   0   0 213 255
255 219   0   0   0   0   5 255 255  11   0   0   0   0 213 255
255 219   0   0   0   0   5 255 255  11   0   0   0   0 213 255
255 219   0   0   0   0   5 255 255  11   0   0   0   0 213 255
255 220  12  12  12  12  18 255 255  24  12  12  12  12 215 255
255 255 255 255 255 255 255 255 255 255 255 255 255 255 255 255
255 255 255 255 255 255 255 255 255 255 255 255 255 255 255 255
255 219   5   5   5   5  11 255 255  17   5   5   5   5 213 255
255 219   0   0   0   0   5 255 255  11   0   0   0   0 213 255
255 219   0   0   0   0   5 255 255  11   0   0   0   0 213 255
255 219   0   0   0   0   5 255 255  11   0   0   0   0 213 255
255 219   0   0   0   0   5 255 255  11   0   0   0   0 213 255
255 250 222 222 222 222 222 255 255 223 222 222 222 222 249 255
255 255 255 255 255 255 255 255 255 255 255 255 255 255 255 255
255 255 255 255 255 255 255 255 255 255 255 255 255 255 255 255
255 248 209 209 209 209 210 255 255 211 209 209 209 209 247 255
255 219   0   0   0   0   5 255 255  11   0   0   0   0 213 255
255 219   0   0   0   0   5 255 255  11   0   0   0   0 213 255
255 219   0   0   0   0   5 255 255  11   0   0   0   0 213 255
255 219   0   0   0   0   5 255 255  11   0   0   0   0 213 255
255 220  12  12  12  12  18 255 255  24  12  12  12  12 215 255
255 255 255 255 255 255 255 255 255 255 255 255 255 255 255 255
255 255 255 255 255 255 255 255 255 255 255 255 255 255 255 255
255 219   5   5   5   5  11 255 255  17   5   5   5   5 213 255
255 219   0   0   0   0   5 255 255  11   0   0   0   0 213 255
255 219   0   0   0   0   5 255 255  11   0   0   0   0 213 255
255 219   0   0   0   0   5 255 255  11   0   0   0   0 213 255
255 219   0   0   0   0   5 255 255  11   0   0   0   0 213 255
255 250 222 222 222 222 222 255 255 223 222 222 222 222 249 255
255 255 255 255 255 255 255 255 255 255 255 255 255 255 255 255
255 255 255 255 255 255 255 255 255 255 255 255 255 255 255 255
255 248 209 209 209 209 210 255 255 211 209 209 209 209 247 255
255 219   0   0   0   0   5 255 255  11   0   0   0   0 213 255
255 219   0   0   0   0   5 255 255  11   0   0   0   0 213 255
255 219   0   0   0   0   5 255 255  11   0   0   0   0 213 255
255 219   0   0   0   0   5 255 255  11   0   0   0   0 213 255
255 220  12  12  12  12  18 255 255  24  12  12  12  12 215 255
255 255 255 255 255 255 255 255 255 255 255 255 255 255 255 255
255 255 255 255 255 255 255 255 255 255 255 255 255 255 255 255
255 219   5   5   5   5  11 255 255  17   5   5   5   5 213 255
255 219   0   0   0   0   5 255 255  11   0   0   0   0 213 255
255 219   0   0   0   0   5 255 255  11   0   0   0   0 213 255
255 219   0   0   0   0   5 255 255  11   0   0   0   0 213 255
255 219   0   0   0   0   5 255 255  11   0   0   0   0 213 255
255 250 222 222 222 222 222 255 255 223 222 222 222 222 249 255
255 255 255 255 255 255 255 255 255 255 255 255 255 255 255 255

255 255 255 255 255 255 255 255 255 255 255 255 255 255 255 255
255 247 213 213 213 213 215 255 255 213 213 213 213 213 249 255
255 209   0   0   0   0  12 255 255   5   0   0   0   0 222 255
255 209   0   0   0   0  12 255 255   5   0   0   0   0 222 255
255 209   0   0   0   0  12 255 255   5   0   0   0   0 222 255
255 209   0   0   0   0  12 255 255   5   0   0   0   0 222 255
255 211  11  11  11  11  24 255 255  17  11  11  11  11 223 255
255 255 255 255 255 255 255 255 255 255 255 255 255 255 255 255
255 255 255 255 255 255 255 255 255 255 255 255 255 255 255 255
255 210   5   5   5   5  18 255 255  11   5   5   5   5 222 255
255 209   0   0   0   0  12 255 255   5   0   0   0   0 222 255
255 209   0   0   0   0  12 255 255   5   0   0   0   0 222 255
255 209   0   0   0   0  12 255 255   5   0   0   0   0 222 255
255 209   0   0   0   0  12 255 255   5   0   0   0   0 222 255
255 248 219 219 219 219 220 255 255 219 219 219 219 219 250 255
255 255 255 255 255 255 255 255 255 255 255 255 255 255 255 255
255 255 255 255 255 255 255 255 255 255 255 255 255 255 255 255
255 247 213 213 213 213 215 255 255 213 213 213 213 213 249 255
255 209   0   0   0   0  12 255 255   5   0   0   0   0 222 255
255 209   0   0   0   0  12 255 255   5   0   0   0   0 222 255
255 209   0   0   0   0  12 255 255   5   0   0   0   0 222 255
255 209   0   0   0   0  12 255 255   5   0   0   0   0 222 255
255 211  11  11  11  11  24 255 255  17  11  11  11  11 223 255
255 255 255 255 255 255 255 255 255 255 255 255 255 255 255 255
255 255 255 255 255 255 255 255 255 255 255 255 255 255 255 255
255 210   5   5   5   5  18 255 255  11   5   5   5   5 222 255
255 209   0   0   0   0  12 255 255   5   0   0   0   0 222 255
255 209   0   0   0   0  12 255 255   5   0   0   0   0 222 255
255 209   0   0   0   0  12 255 255   5   0   0   0   0 222 255
255 209   0   0   0   0  12 255 255   5   0   0   0   0 222 255
255 248 219 219 219 219 220 255 255 219 219 219 219 219 250 255
255 255 255 255 255 255 255 255 255 255 255 255 255 255 255 255
255 255 255 255 255 255 255 255 255 255 255 255 255 255 255 255
255 247 213 213 213 213 215 255 255 213 213 213 213 213 249 255
255 209   0   0   0   0  12 255 255   5   0   0   0   0 222 255
255 209   0   0   0   0  12 255 255   5   0   0   0   0 222 255
255 209   0   0   0   0  12 255 255   5   0   0   0   0 222 255
255 209   0   0   0   0  12 255 255   5   0   0   0   0 222 255
255 211  11  11  11  11  24 255 255  17  11  11  11  11 223 255
255 255 255 255 255 255 255 255 255 255 255 255 255 255 255 255
255 255 255 255 255 255 255 255 255 255 255 255 255 255 255 255
255 210   5   5   5   5  18 255 255  11   5   5   5   5 222 255
255 209   0   0   0   0  12 255 255   5   0   0   0   0 222 255
255 209   0   0   0   0  12 255 255   5   0   0   0   0 222 255
255 209   0   0   0   0  12 255 255   5   0   0   0   0 222 255
255 209   0   0   0   0  12 255 255   5   0   0   0   0 222 255
255 248 219 219 219 219 220 255 255 219 219 219 219 219 250 255
255 255 255 255 255 255 255 255 255 255 255 255 255 255 255 255

255 255 255 255 255 255 255 255 255 255 255 255 255 255 255 255
255 249 222 222 222 222 223 255 255 222 222 222 222 222 250 255
255 213   0   0   0   0  11 255 255   5   0   0   0   0 219 255
255 213   0   0   0   0  11 255 255   5   0   0   0   0 219 255
255 213   0   0   0   0  11 255 255   5   0   0   0   0 219 255
255 213   0   0   0   0  11 255 255   5   0   0   0   0 219 255
255 213   5   5   5   5  17 255 255  11   5   5   5   5 219 255
255 255 255 255 255 255 255 255 255 255 255 255 255 255 255 255
255 255 255 255 255 255 255 255 255 255 255 255 255 255 255 255
255 215  12  12  12  12  24 255 255  18  12  12  12  12 220 255
255 213   0   0   0   0  11 255 255   5   0   0   0   0 219 255
255 213   0   0   0   0  11 255 255   5   0   0   0   0 219 255
255 213   0   0   0   0  11 255 255   5   0   0   0   0 219 255
255 213   0   0   0   0  11 255 255   5   0   0   0   0 219 255
255 247 209 209 209 209 211 255 255 210 209 209 209 209 248 255
255 255 255 255 255 255 255 255 255 255 255 255 255 255 255 255
255 255 255 255 255 255 255 255 255 255 255 255 255 255 255 255
255 249 222 222 222 222 223 255 255 222 222 222 222 222 250 255
255 213   0   0   0   0  11 255 255   5   0   0   0   0 219 255
255 213   0   0   0   0  11 255 255   5   0   0   0   0 219 255
255 213   0   0   0   0  11 255 255   5   0   0   0   0 219 255
255 213   0   0   0   0  11 255 255   5   0   0   0   0 219 255
255 213   5   5   5   5  17 255 255  11   5   5   5   5 219 255
255 255 255 255 255 255 255 255 255 255 255 255 255 255 255 255
255 255 255 255 255 255 255 255 255 255 255 255 255 255 255 255
255 215  12  12  12  12  24 255 255  18  12  12  12  12 220 255
255 213   0   0   0   0  11 255 255   5   0   0   0   0 219 255
255 213   0   0   0   0  11 255 255   5   0   0   0   0 219 255
255 213   0   0   0   0  11 255 255   5   0   0   0   0 219 255
255 213   0   0   0   0  11 255 255   5   0   0   0   0 219 255
255 247 209 209 209 209 211 255 255 210 209 209 209 209 248 255
255 255 255 255 255 255 255 255 255 255 255 255 255 255 255 255
255 255 255 255 255 255 255 255 255 255 255 255 255 255 255 255
255 249 222 222 222 222 223 255 255 222 222 222 222 222 250 255
255 213   0   0   0   0  11 255 255   5   0   0   0   0 219 255
255 213   0   0   0   0  11 255 255   5   0   0   0   0 219 255
255 213   0   0   0   0  11 255 255   5   0   0   0   0 219 255
255 213   0   0   0   0  11 255 255   5   0   0   0   0 219 255
255 213   5   5   5   5  17 255 255  11   5   5   5   5 219 255
255 255 255 255 255 255 255 255 255 255 255 255 255 255 255 255
255 255 255 255 255 255 255 255 255 255 255 255 255 255 255 255
255 215  12  12  12  12  24 255 255  18  12  12  12  12 220 255
255 213   0   0   0   0  11 255 255   5   0   0   0   0 219 255
255 213   0   0   0   0  11 255 255   5   0   0   0   0 219 255
255 213   0   0   0   0  11 255 255   5   0   0   0   0 219 255
255 213   0   0   0   0  11 255 255   5   0   0   0   0 219 255
255 247 209 209 209 209 211 255 255 210 209 209 209 209 248 255
255 255 255 255 255 255 255 255 255 255 255 255 255 255 255 255
